120111
120116
120118
120119
120137
120141
120143
120145
120147
120151
120152
120154
120158
120160
120165
120168
120177
120182
120189
120192
120197
120224
120233
120237
120240
120255
120265
120268
120270
120284
120285
120299
120300
120306
120307
120309
120310
120322
120328
120330
120357
120358
120375
120378
120379
120381
120382
120383
120384
120387
120393
120396
120406
120411
120417
120419
120424
120426
120428
120430
120432
120434
120435
120439
120443
120445
120447
120448
120449
120450
120452
120453
120455
120457
120461
120476
120482
120500
120505
120509
120511
120516
120524
120525
120526
120528
120532
120533
120537
120538
120539
120540
120542
120547
120555
120556
120561
120573
120598
120602
120604
120617
120634
120638
120648
120682
120686
120715
120719
120725
120734
120735
120738
120771
120775
120782
120786
120787
120791
120794
120799
120806
120854
120867
120871
120874
120879
120881
120883
120922
120923
120929
120949
120952
120958
120959
120963
120983
120994
120995
120999
121006
121008
121009
121015
121019
121020
121022
121030
121034
121038
121040
121041
121079
121083
121086
121088
121090
121092
121093
121097
121102
121112
121116
121120
121172
121185
121192
121193
121194
121198
121200
121202
121205
121206
121209
121213
121215
121216
121221
121224
121241
121251
121256
121259
121263
121266
121267
121268
121269
121271
121276
121282
121285
121291
121304
121305
121307
121310
121314
121320
121322
121326
121331
121332
121344
121347
121348
121357
121358
121364
121365
121371
121372
121373
121374
121385
121389
121392
121396
121414
121420
121421
121422
121425
121426
121431
121432
121433
121435
121436
121437
121438
121439
121441
121445
121448
121449
121455
121463
121468
121469
121480
121484
121488
121496
121497
121503
121510
121513
121524
121526
121534
121538
121543
121544
121551
121553
121561
121563
121567
121576
121589
121596
121601
121603
121605
121608
121609
121610
121613
121614
121617
121618
121620
121622
121623
121624
121626
121628
121630
121632
121635
121638
121640
121641
121649
121650
121653
121654
121655
121657
121659
121660
121663
121664
121666
121671
121673
121674
121680
121682
121684
121686
121691
121692
121693
121694
121696
121697
121698
121701
121705
121706
121710
121712
121714
121715
121716
121718
121722
121723
121724
121725
121727
121728
121734
121736
121738
121740
121741
121763
121764
121765
121766
121770
121776
121780
121781
121787
121795
121796
121804
121805
121806
121808
121809
121810
121811
121812
121813
121817
121819
121821
121825
121826
121828
121829
121830
121832
121835
121837
121839
121842
121843
121844
121854
121855
121856
121858
121859
121860
121864
121867
121868
121871
121872
121873
121875
121876
121877
121882
121886
121888
121901
121916
121917
121920
121921
121923
121927
121931
121934
121936
121941
121942
121943
121950
121952
121961
121962
121964
121967
121968
121971
121972
121982
121985
121987
121991
121994
122001
122005
122009
122011
122012
122013
122020
122030
122032
122034
122035
122095
122106
122127
122128
122262
122265
122271
122273
122278
122281
122283
122285
122306
122307
122318
122319
122320
122321
122325
122329
122332
122333
122344
122345
122356
122438
122447
122448
122450
122451
122453
122454
122460
122462
122465
122483
122489
122490
122492
122493
122494
122495
122496
122537
122538
122611
122665
122666
122667
122687
122690
122694
122697
122699
122706
122707
122711
122716
122718
122727
122728
122739
122746
122776
122782
122794
122798
122809
122814
122818
122824
122827
122833
122840
122855
122869
122897
122904
122905
122909
122914
122917
122924
122931
122939
122960
122990
123005
123020
123023
123035
123038
123057
123062
123066
123068
123078
123081
123091
123105
123107
123112
123113
123117
123124
123131
123132
123147
123152
123157
123159
123160
123165
123166
123167
123169
123171
123172
123176
123177
123180
123183
123185
123196
123203
123211
123225
123230
123231
123232
123234
123241
123242
123255
123265
123266
123268
123301
123302
123303
123304
123306
123307
123316
123319
123323
123359
123381
123382
123384
123385
123386
123393
123411
123414
123416
123417
123421
123422
123423
123439
123443
123446
123450
123451
123462
123467
123478
123483
123543
123547
123554
123563
123564
123570
123576
123578
123590
123592
123594
123636
123656
123661
123665
123669
123709
123716
123720
123721
123726
123729
123735
123745
123746
123749
123763
123786
123787
123788
123805
123808
123809
123827
123829
123835
123838
123865
123902
123904
123905
123907
123925
123929
123941
123948
123949
123951
123953
123954
123973
123976
123977
123988
123989
123990
124018
124026
124029
124030
124031
124032
124036
124054
124055
124058
124063
124069
124077
124092
124093
124094
124095
124097
124104
124106
124110
124111
124113
124114
124115
124118
124120
124121
124124
124125
124126
124127
124128
124129
124131
124132
124133
124142
124148
124149
124150
124156
124160
124162
124164
124166
124167
124169
124170
124174
124175
124181
124183
124184
124187
124188
124191
124192
124195
124198
124201
124202
124203
124207
124208
124212
124218
124219
124221
124228
124230
124231
124233
124234
124236
124248
124249
124252
124257
124261
124262
124270
124274
124275
124276
124280
124283
124301
124310
124323
124328
124329
124330
124331
124335
124345
124348
124349
124352
124356
124360
124364
124367
124373
124381
124385
124393
124459
124462
124464
124468
124472
124493
124495
124557
124559
124561
124580
124582
124585
124590
124592
124606
124608
124644
124661
124663
124685
124692
124717
124722
124723
124727
124730
124740
124753
124760
124769
124771
124782
124810
124824
124839
124840
124842
124846
124849
124855
124860
124866
124875
124882
124896
124907
124924
124936
124940
124947
124957
124964
124970
124978
124981
124985
124986
124996
124997
125000
125004
125021
125022
125036
125037
125039
125059
125060
125063
125066
125068
125073
125075
125077
125081
125082
125084
125085
125093
125097
125099
125100
125102
125104
125116
125118
125121
125126
125127
125129
125133
125153
125156
125160
125185
125204
125206
125211
125224
125232
125234
125237
125239
125243
125246
125249
125263
125267
125269
125276
125285
125286
125287
125289
125290
125291
125292
125294
125301
125315
125326
125328
125329
125330
125331
125332
125334
125339
125349
125350
125352
125364
125366
125369
125372
125374
125379
125380
125382
125394
125396
125400
125402
125403
125406
125407
125412
125417
125423
125434
125435
125441
125447
125450
125453
125456
125458
125461
125465
125475
125484
125488
125489
125494
125515
125518
125520
125522
125523
125525
125526
125527
125528
125529
125535
125538
125539
125542
125548
125550
125551
125553
125554
125555
125556
125580
125583
125600
125606
125610
125619
125625
125629
125631
125632
125658
125660
125674
125677
125678
125682
125688
125690
125708
125711
125721
125723
125727
125731
125739
125740
125750
125752
125763
125786
125793
125797
125798
125802
125804
125806
125814
125817
125819
125827
125828
125830
125831
125834
125849
125850
125853
125861
125864
125869
125870
125878
125882
125884
125891
125895
125903
125908
125910
125924
