107869
107880
107889
107891
107895
107897
107900
107901
107906
107909
107911
107914
107924
107927
107932
107936
107940
107941
107944
107945
107948
107949
107951
107954
107957
107960
107966
107977
107978
107980
107983
107985
107988
108004
108043
108047
108051
108055
108073
108075
108079
108096
108109
108110
108114
108117
108118
108129
108146
108152
108154
108160
108163
108166
108168
108185
108187
108192
108198
108200
108201
108206
108215
108216
108218
108225
108226
108240
108245
108252
108270
108274
108280
108298
108317
108323
108344
108349
108352
108360
108361
108373
108380
108392
108397
108401
108402
108409
108421
108427
108439
108443
108450
108451
108453
108456
108469
108475
108477
108486
108491
108497
108512
108519
108520
108525
108527
108565
108566
108569
108577
108578
108580
108587
108589
108592
108597
108602
108615
108620
108640
108643
108646
108654
108656
108664
108669
108673
108683
108684
108688
108690
108692
108696
108700
108706
108709
108722
108725
108726
108733
108739
108751
108757
108758
108771
108772
108785
108791
108792
108795
108798
108802
108806
108812
108813
108824
108829
108835
108839
108843
108858
108861
108865
108867
108875
108879
108880
108881
108893
108899
108903
108905
108906
108916
108917
108918
108924
108927
108928
108930
108931
108941
108944
108945
108955
108966
108969
108980
108981
108983
108984
108985
108988
108991
108995
109000
109005
109010
109011
109019
109024
109029
109030
109039
109040
109044
109045
109046
109051
109055
109057
109058
109068
109078
109080
109081
109091
109101
109106
109109
109118
109121
109123
109126
109128
109138
109140
109141
109144
109153
109213
109217
109220
109226
109229
109232
109234
109239
109243
109252
109253
109260
109263
109265
109266
109292
109296
109328
109329
109343
109345
109351
109355
109364
109378
109380
109386
109389
109391
109392
109402
109409
109439
109447
109453
109456
109457
109474
109485
109496
109515
109532
109534
109536
109540
109547
109551
109563
109564
109566
109568
109571
109572
109574
109579
109580
109607
109609
109611
109615
109618
109629
109632
109633
109634
109636
109637
109710
109730
109739
109772
109775
109791
109805
109827
109830
109842
109849
109854
109872
109904
109907
109911
109932
109941
109942
109947
109948
109955
109956
109957
109962
109966
109979
109989
109991
109995
109997
110000
110052
110063
110068
110073
110075
110079
110083
110092
110093
110096
110097
110106
110108
110150
110154
110210
110223
110257
110266
110275
110292
110298
110299
110303
110331
110341
110356
110362
110376
110379
110380
110388
110394
110399
110410
110412
110415
110416
110417
110422
110425
110431
110439
110443
110449
110458
110460
110461
110467
110475
110476
110480
110484
110485
110491
110495
110502
110503
110520
110530
110540
110555
110556
110557
110559
110562
110565
110566
110571
110573
110578
110580
110586
110596
110599
110600
110603
110608
110614
110616
110620
110633
110635
110638
110645
110646
110648
110650
110651
110657
110664
110677
110679
110681
110687
110691
110695
110696
110709
110719
110722
110729
110730
110735
110736
110738
110742
110756
110761
110762
110773
110774
110780
110788
110790
110794
110797
110799
110801
110802
110807
110809
110812
110824
110825
110827
110834
110838
110839
110840
110841
110847
110851
110852
110859
110860
110866
110874
110892
110902
110903
110910
110916
110920
110922
110931
110940
110946
110947
110949
110958
111001
111002
111017
111021
111027
111028
111032
111040
111052
111053
111058
111061
111062
111067
111073
111074
111076
111079
111082
111085
111089
111090
111091
111092
111093
111096
111097
111101
111104
111115
111116
111117
111124
111126
111129
111130
111133
111138
111147
111148
111150
111152
111162
111164
111165
111168
111172
111174
111175
111177
111186
111197
111200
111201
111212
111213
111231
111257
111265
111266
111272
111277
111280
111285
111286
111287
111294
111295
111300
111301
111309
111315
111322
111324
111328
111331
111334
111342
111343
111352
111355
111388
111399
111403
111408
111415
111419
111420
111422
111428
111435
111438
111442
111448
111449
111450
111455
111456
111462
111465
111470
111472
111473
111478
111479
111481
111484
111485
111486
111517
111518
111519
111531
111532
111540
111552
111553
111558
111561
111566
111581
111586
111672
111689
111690
111772
111774
111777
111803
111804
111808
111809
111818
111826
111836
111839
111844
111845
111847
111850
111852
111928
111933
111935
111951
111967
111976
111978
111979
111981
111982
111986
111993
112009
112012
112015
112017
112022
112034
112056
112062
112068
112069
112070
112072
112084
112094
112099
112103
112106
112137
112144
112146
112148
112149
112150
112151
112152
112153
112166
112172
112173
112214
112218
112220
112228
112229
112242
112245
112247
112253
112258
112262
112263
112280
112283
112334
112377
112379
112383
112384
112393
112395
112398
112417
112433
112454
112457
112458
112461
112482
112484
112492
112503
112508
112514
112519
112521
112523
112526
112528
112530
112534
112567
112568
112571
112573
112576
112582
112583
112585
112589
112603
112606
112637
112646
112659
112660
112661
112663
112667
112671
112715
112723
112736
112747
112765
112789
112794
112795
112806
112822
112829
112833
112843
112845
112853
112863
112882
112885
112888
112889
112891
112896
112897
112907
112921
112931
112940
112948
112962
112963
112970
112978
112988
112990
112991
112993
113009
113032
113038
113039
113040
113041
113065
113066
113072
113081
113091
113092
113098
113124
113143
113148
113189
113201
113205
113219
113220
113224
113236
113238
113240
113241
113243
113244
113253
113262
113264
113265
113271
113283
113284
113289
113295
113297
113300
113326
113328
113333
113334
113337
113339
113340
113342
113343
113354
113364
113365
113379
113381
113406
113412
113414
113432
113436
113443
113446
113449
113452
113453
113458
113459
113476
113479
113481
113486
113490
113491
113503
113512
113515
113529
113530
113532
113542
113558
113559
113569
113574
113579
113590
113595
113596
113603
113604
113605
113636
113661
113662
113663
113665
113671
113676
113677
113679
113686
113695
113703
113707
113711
113730
113743
113776
113790
113792
113796
113822
113823
113839
113840
113842
113843
113851
113853
113855
113856
113863
113865
113866
113870
113872
113883
113892
113897
113900
113905
113906
113907
113908
113918
113926
113929
113930
113931
113938
113941
113955
113959
113969
113975
113976
113979
113982
113984
113986
113993
113995
113999
114002
114003
114005
114009
114016
114021
114022
114023
114024
114026
114029
114032
114036
114038
114044
114046
114053
114054
114057
114059
114063
114071
114077
114078
114085
114088
114089
114102
114105
114110
114113
114147
114150
114151
114153
114155
114156
114159
114161
114162
114168
114169
114177
114181
114182
114186
114191
114192
114195
114196
114199
114201
114206
114211
114216
114222
114223
114224
114225
114226
114235
114238
114239
114240
114247
114254
114255
114279
114286
114290
114291
114293
114297
114298
114299
114303
114308
114309
114314
114315
114324
114325
114327
114328
114331
114333
114335
114346
114351
114364
