61313
61314
61316
61318
61321
61322
61325
61329
61333
61335
61336
61337
61340
61349
61352
61355
61384
61385
61393
61397
61400
61402
61405
61414
61425
61447
61451
61457
61468
61473
61475
61480
61492
61494
61503
61505
61508
61510
61525
61527
61531
61535
61553
61568
61577
61578
61637
61643
61676
61688
61691
61693
61694
61710
61715
61716
61720
62007
62008
62016
63137
63227
63232
63238
63314
63331
63347
63348
63357
63367
63371
63399
63400
63426
63428
63429
63448
63451
63453
63456
63462
63475
63477
63490
63497
63501
63508
63509
63520
63523
63536
63542
63556
63560
63577
63584
63597
63604
63610
63611
63612
63626
63666
63667
63677
63692
63702
63705
63722
63725
63726
63738
63740
63746
63759
63775
63822
63843
63916
64703
64704
64705
64706
64707
64708
64709
64710
64711
64712
64713
64714
64715
64716
64717
64718
64719
64720
64722
64739
64929
64935
64938
64943
64954
65024
65044
65045
65062
65063
65065
65068
65093
65103
65134
65240
65252
65258
65268
65272
100012
100022
100057
100090
100108
100111
100112
100117
100133
100135
100144
100150
100159
100177
100181
100187
100196
100205
100219
100224
100230
100241
100246
100261
100265
100286
100289
100292
100297
100299
100315
100316
100342
100381
100399
100400
100401
100414
100426
100428
100429
100449
100473
100477
100479
100481
100493
100504
100506
100510
100527
100530
100534
100535
100564
100591
100607
100615
100617
100620
100630
100670
100682
100698
100707
100709
100730
100742
100764
100772
100780
100790
100802
100809
100811
100822
100841
100870
100904
100925
100934
100935
100939
100940
100946
100948
100950
100954
100958
100961
100967
100971
100974
100985
100997
101011
101012
101016
101017
101027
101028
101034
101039
101052
101054
101058
101064
101065
101068
101072
101075
101103
101111
101113
101115
101116
101118
101123
101127
101130
101150
101191
101208
101219
101221
101223
101226
101234
101244
101280
101294
101295
101304
101319
101322
101329
101355
101356
101359
101361
101362
101368
101374
101389
101393
101404
101444
101480
101490
101502
101506
101507
101513
101527
101566
101574
101585
101586
101592
101610
101611
101615
101617
101623
101642
101644
101667
101668
101670
101675
101697
101725
101734
101735
101736
101740
101743
101758
101762
101763
101771
101780
101781
101796
101837
101849
101851
101870
101872
101875
101876
101879
101910
101911
101918
101926
101944
101946
101952
101953
101955
101960
101961
102023
102029
102040
102045
102051
102052
102077
102098
102105
102111
102214
102227
102232
102233
102237
102242
102244
102246
102251
102272
102285
102286
102290
102299
102300
102311
102312
102339
102347
102369
102387
102402
102416
102418
102428
102460
102481
102483
102486
102496
102497
102511
102526
102530
102531
102534
102547
102561
102566
102568
102569
102579
102580
102605
102606
102610
102611
102612
102619
102623
102626
102654
102667
102680
102690
102692
102694
102703
102707
102714
102719
102730
102738
102742
102750
102759
102761
102765
102773
102774
102779
102782
102786
102805
102815
102827
102828
102833
102840
102849
102851
102864
102879
102892
102895
102902
102905
102910
102913
102914
102915
102916
102939
102947
102950
102957
102967
102968
102969
102975
102977
102984
102986
103003
103008
103010
103011
103034
103036
103038
103043
103047
103066
103091
103092
103103
103116
103117
103118
103120
103121
103125
103127
103133
103142
103152
103153
103166
103170
103181
103205
103219
103227
103258
103268
103273
103276
103291
103294
103295
103300
103303
103310
103312
103315
103317
103319
103350
103367
103373
103389
103393
103403
103408
103414
103420
103424
103440
103449
103454
103456
103469
103470
103475
103476
103487
103494
103498
103502
103514
103519
103531
103537
103541
103544
103550
103551
103559
103567
103581
103582
103586
103588
103590
103598
103605
103611
103612
103614
103650
103656
103667
103690
103700
103707
103797
103815
103820
103822
103830
103845
103851
103867
103869
103886
103894
103897
103937
103949
103963
103966
103968
103970
103974
103979
103981
103993
103997
104008
104020
104052
104054
104067
104091
104093
104097
104103
104122
104124
104132
104135
104137
104159
104164
104173
104185
104204
104244
104246
104250
104260
104265
104277
104278
104283
104284
104289
104293
104295
104307
104311
104319
104324
104334
104335
104337
104341
104344
104383
104385
104388
104390
104391
104394
104417
104418
104428
104433
104434
104437
104443
104444
104447
104453
104457
104466
104479
104480
104485
104493
104494
104496
104497
104499
104500
104502
104503
104518
104526
104527
104528
104530
104538
104539
104540
104541
104547
104569
104573
104581
104585
104594
104612
104635
104647
104649
104650
104668
104675
104680
104682
104683
104685
104687
104693
104697
104702
104704
104706
104710
104719
104720
104722
104726
104729
104731
104741
104745
104748
104749
104752
104754
104762
104769
104784
104790
104794
104803
104804
104805
104808
104811
104813
104829
104837
104844
104856
104860
104864
104865
104871
104931
104943
104961
104985
104986
104989
104999
105010
105013
105021
105028
105033
105043
105056
105057
105067
105073
105089
105098
105106
105117
105119
105120
105131
105138
105144
105146
105163
105176
105181
105192
105194
105196
105202
105218
105223
105245
105251
105269
105270
105276
105288
105289
105297
105298
105304
105307
105310
105312
105321
105322
105324
105331
105341
105345
105352
105355
105360
105364
105390
105411
105413
105425
105432
105441
105480
105482
105483
105527
105532
105539
105563
105570
105576
105584
105633
105743
105808
105853
105864
105868
105978
105985
105988
105989
105990
105992
105995
105997
105998
106001
106004
106011
106016
106020
106025
106029
106097
106100
106103
106106
106108
106127
106234
106235
106263
106264
106265
106267
106277
106280
106310
106320
106321
106322
106339
106352
106398
106399
106403
106409
106410
106411
106412
106413
106419
106421
106425
106429
106435
106487
106493
106513
106531
106552
106556
106566
106568
106569
106571
106572
106609
106611
106613
106614
106617
106618
106629
106636
106641
106646
106652
106653
106662
106671
106676
106724
106725
106730
106731
106739
106754
106755
106763
106764
106765
106772
106773
106777
106778
106782
106791
106800
106804
106815
106822
106838
106843
106844
106863
106869
106925
106931
106946
106956
106958
106968
106973
106974
106977
106987
107028
107063
107068
107085
107142
107212
107227
107265
107271
107280
107297
107312
107317
107321
107340
107347
107362
107373
107383
107392
107400
107408
107412
107422
107423
107433
107451
107479
107481
107484
107489
107491
107495
107497
107498
107511
107516
107542
107543
107549
107590
107592
107604
107609
107612
107614
107640
107641
107646
107654
107657
107674
107679
107681
107686
107688
107691
107693
107698
107705
107713
107716
107722
107724
107726
107737
107752
107756
107762
107770
107778
107781
107783
107784
107786
107796
107800
107804
107814
107823
107833
107835
107847
107849
107854
107862
