100133
100246
100995
101028
101058
101076
101097
101334
101520
101615
101875
102029
102526
102742
102901
102975
103041
103170
103317
103404
103424
103519
103613
103686
104204
104226
104541
104612
104677
104704
104717
104749
104804
104989
105029
105950
106399
106410
106671
106956
106957
107227
107686
107688
107935
107940
107944
107977
108069
108096
108140
108239
108279
108453
108657
108662
108692
108881
108959
108969
109005
109010
109011
109123
109126
109329
109534
109941
109947
110280
110303
110458
110555
110596
110599
110626
110638
110644
110645
110651
110718
110784
110794
110812
110815
110838
110866
110902
111073
111083
111174
111207
111252
111280
111343
111366
111407
111450
111672
111800
111804
111909
111981
111986
112070
112376
112583
112932
113065
113066
113244
113283
113338
113405
113408
113441
113502
113520
113596
113605
113677
113711
113760
113908
113960
114022
114036
114105
114201
114225
114381
114440
114464
114566
114577
114593
114624
114638
114653
114662
114663
114805
114876
114910
114961
114975
115079
115098
115117
115228
115254
115372
115662
115881
115883
116211
116254
116294
116381
116482
116569
116575
116605
116649
116671
116691
116751
116970
117047
117049
117087
117420
117709
117779
117793
117932
118042
118096
118157
118171
118193
118240
118339
118416
118444
118477
118494
118573
118657
118662
118942
119151
119153
119531
119634
119700
119764
119828
119835
119878
119889
119907
119922
120119
120240
120424
120452
120455
121006
121041
121088
121259
121332
121389
121622
121640
121701
121750
121813
121819
121842
121950
122333
122454
122460
122489
122495
122538
122809
123101
123167
123232
123356
123393
123446
123720
123745
124077
124101
124124
124266
124385
124882
125050
125289
125290
125370
125402
125550
125555
125600
125802
125834
126029
126046
126299
126337
126345
126387
126425
126517
126570
126673
126678
126689
126732
126895
126925
126965
126979
127024
127038
127058
127206
127217
127500
127571
127617
127740
128021
128022
128281
128299
128303
128338
128513
128720
128788
128888
129369
129832
129835
129844
129961
130039
130202
130207
130319
130335
130771
131286
132152
132153
132157
132332
132344
132518
132544
132578
132756
132897
132905
132933
132959
133100
133108
133157
133215
133260
133470
133543
133551
133594
133617
133677
133744
133888
134527
134577
134579
134580
134585
134589
134592
134594
134596
134599
134603
134604
134606
134607
134608
134610
134620
134623
134624
134625
134626
134628
134629
134632
134633
134634
134635
134637
134638
134639
134640
134641
134647
134657
134665
134668
134670
134673
134675
134678
134758
134794
134798
134867
134868
134931
134932
135
135038
135067
135138
135148
135172
135197
135266
135287
135379
135385
135501
135514
135615
135728
135744
136044
136098
136184
136585
136668
136680
136845
136853
137504
137924
137949
137951
137954
137955
137957
137959
137963
137964
137990
137991
138000
138081
138156
138164
138183
138442
138602
138699
139633
139679
139715
139728
139835
139934
139956
140066
140071
140127
140230
140260
140284
140738
140760
140816
140862
140865
140940
141008
141013
141038
141178
141221
141440
141468
141578
141911
142061
142063
142088
142146
142147
142198
142208
142212
142238
142627
142763
142846
142875
143047
143141
143172
143196
143241
143267
143489
143565
143567
143844
143939
144004
144438
144440
144578
144836
144839
144871
144918
145056
145117
145607
145969
146006
146017
146020
146374
146512
146534
146559
146990
147020
147076
147185
147235
147244
147304
147454
147458
147895
147964
147993
148035
148147
148172
148486
1487
1498
15097
151794
151871
152207
152208
152351
152458
152691
152899
152928
152952
153032
153099
153137
153210
153325
153447
15433
154863
155214
156304
156307
156309
156313
156939
156998
157251
157396
157472
157905
15808
15814
159313
159320
159429
159480
159565
159570
159586
159991
160195
160250
160370
160534
160615
160898
160977
161267
161828
162114
162163
162196
162622
163
163006
163011
163048
16346
163578
163585
16426
164602
164639
164675
16474
164876
164926
165060
165176
165696
166019
166254
166319
166468
166579
16728
167491
167657
167674
167752
16811
168285
168618
170378
170422
170522
170666
170711
170804
170946
171132
171134
171610
171655
171984
173008
173160
173391
173644
174079
174092
174191
174786
174930
174954
175447
176104
177751
178917
178923
178926
178935
178942
179650
179676
180050
180102
180139
180357
181367
181800
184119
184173
1902
2015
2151
2586
2774
2785
3191
32385
33079
33185
33643
34098
34102
34881
3498
35017
35189
35207
35496
3603
36727
36770
36877
36998
38352
38439
38568
38594
38627
39777
40002
40122
40295
40323
40352
40571
40714
40725
4073
40871
40875
40937
41124
41126
41135
41581
41596
4208
42316
42424
42669
42892
43063
43075
43076
43133
43135
43288
43387
43394
43467
44104
44383
44636
44840
45089
4522
45756
45774
45945
45971
46049
46487
46536
46614
46628
46637
46647
46815
46852
46866
47051
47070
47179
47215
47286
47374
47417
4768
47785
47787
4918
52306
53484
53488
53495
5404
57099
57123
57133
57304
57309
57330
57407
57433
57489
57606
5770
57756
57801
57875
58277
59458
59547
59801
59978
60238
60241
60380
60391
60447
60512
60550
60738
60761
60770
60789
60961
61012
61050
61177
61181
61214
61271
61273
61312
61400
61525
61672
61699
61725
6263
6337
63474
63490
63520
63746
63759
63862
64935
7444
7511
808
819
820
824
852
8639
8823
8944
9129
9133
918
977
983
