105703440166235
105705856174503
105745047734583
105749342641955
105752563943847
105752832356478
105761153855711
105763569802000
105775380957221
105778870595710
105779675902175
105790413371714
105790681755700
105792023879459
106652627934624
106654238617823
106654238640551
106655043870499
106655312293211
106726447777829
106727789932670
106728595173160
106729400568231
106732621777207
106732621793093
106733158578359
106733158664615
106734500753192
106734500820152
106737722044542
106738795813804
106743627624574
106750875381983
106758928448759
106758928449823
106759196878583
106759733768760
106760002199005
106763223426410
106763223432463
106763760282015
106764028719230
106764028750090
106765907771610
106765907789861
106768592071776
106768592119926
106770739621536
106770739623193
106773155540934
106773155552016
106773423963383
106776376765788
106776645183223
106776645188904
106777181979954
106777182101070
106777987393262
106778255827359
106778524224656
106778792700170
106778792723485
106781476920663
106781477023870
106782282266807
106782282337313
106782550787909
106782819217056
106782819256128
106785772007373
106785772021264
106787651039542
106787651045215
106787651090754
106788187833650
106788187839904
17592186178993
17592186179044
17592454614496
53876606760371
70379750074001
87963077709801
87963346275817
87963346275820
87963614711275
88029918268910
88030186577239
88030455139819
88032065620703
88032065752559
88032334054874
88032334056161
88032334059713
88032334187984
88032334188021
88032334188031
88032334191335
88032602496343
88033139360610
88033139363502
88033139363817
88033139394625
88033139400096
88033139494325
88033139494333
88033139494339
88033139494348
88033139494376
88033139494377
88033139494378
88033139497696
88033407796052
88033407796182
88033407796938
88033407797983
88033407797985
88033407798391
88033407804051
88033407804329
88033407832198
88033407833768
88033407929780
88033407929785
88033407929794
88033407929797
88033407929799
88033407929807
88033407929808
88033407929824
88033407929829
88033407929836
88033407929837
88033407929841
88033407929857
88033407929870
88033407933162
88033676365293
88033944800711
88034213236197
88034481539809
88035018410719
88035555285185
88035555413429
88035555413443
88035555413452
88035555413454
88035555413472
88035555413477
88035555413480
88035555413482
88035555413486
88035555416800
88035823718377
88035823751302
88035823830185
88035823848901
88035823848941
88035823852263
88036092284349
88036092284396
88036360586068
88036360586141
88036360586198
88036360588407
88036360594067
88036360615426
88036360701097
88036360719793
88036360719796
88036360719820
88036360719822
88036360719849
88036360719863
88036360719873
88036360719886
88036360723170
88037166026249
88037434461671
88037702765700
88038776505140
88038776506699
88038776508032
88038776513453
88038776537399
88039044941514
88039044975272
88039045003638
88039045074354
88039045074370
88039045074383
88039045074389
88039045074407
88039045077725
88039581811611
88039581819327
88039581945293
88039581945302
88039581945366
88039850289220
88040118816667
88040118843714
88040387117286
88040387118614
88040387119435
88040387120361
88040387120768
88040387121974
88040387126189
88040387147266
88040387158182
88040387180672
88040387251639
88040387251641
88040387251676
88040387251683
88040387251709
88040387251711
88040387251721
88040655555524
88041460859805
88041460860895
88041460862185
88041460874200
88041997764700
88042534641027
88042803039763
88042803041930
88042803071068
88042803076483
88043608522886
88044145214363
88044145248348
88044145277054
88044145348028
88044145348036
88044145348045
88044145348118
88044413651570
88044413653830
88044413691936
88044413760689
88045487423105
88045755964125
89063126342373
89065005387197
89067152870864
89067958050135
89068226588798
89129161334103
89132919465292
89135066911146
89135066963747
89135067044780
89135067068738
89138019804326
89138019805599
89138019807847
89138019820906
89138019825360
105557948218809
105561706240865
105567075021694
105569222502056
105569222527013
105569490872375
105574591216887
105576201761705
105579959916322
105580496794182
105580765180136
105582644280761
105585328564279
105585597067456
105590428927813
105628009896720
105628546762565
105629351978669
105632841711033
105648142451105
105653511172985
105656195595835
105663174930145
105664248648684
105679281039473
105679817928417
105682502284569
105683039142008
105684381342404
105695387103016
105695387172984
105705050796264
105706124609573
105706124621334
105707735146275
105716056708070
105723841328312
105723841358773
105727867881509
105727867886508
105730552213727
105745047661640
105745047783232
105745316097371
105749074287300
105752563913708
105752832378693
105756053604165
105761959189420
105763569711287
105765985721028
105768133204752
105770817554469
105770817583426
105789876442092
105792023949025
105799271624488
105799808558839
105799808584103
105804103544545
105805714163749
105805714192706
105815914625207
105848932274075
105849200707397
105849469120638
105850811297844
105855106313816
105865038310751
106653433333573
106722958116677
106723494968891
106727521503543
106728595255864
106729132107889
106729400572844
106730205869134
106731279490391
106734785925546
106738258909413
106738258937280
106738795720031
106741211713905
106741480168208
106742553898721
106743359189607
106743359205469
106744164492837
106744164503008
106745238253510
106745506689835
106745775135428
106748459487131
106749533208454
106749533210935
106750070068486
106750070073457
106750338532448
106750338536440
106750875398684
106754901843130
106758928478044
106759196885383
106759196889835
106759465339413
106759465365080
106759465371456
106759733774894
106760002221112
106760002235412
106762686548319
106762686570911
106762954972673
106762955018895
106762955019322
106763223418719
106763491781983
106763491864289
106763491879812
106763760292838
106763760299981
106765186378504
106766444574903
106768592137310
106770471216611
106772618646508
106772887089344
106772887111104
106773423990288
106776376791946
106776376796960
106780940151245
106781477040769
106781745353130
106781745470620
106781745473447
106782013903764
106782013927260
106782550788446
106783087652853
106783087654662
106783087658867
106783356067329
106783356083208
106783356085451
106784161310028
106784429760291
106784698181293
106785771992434
106787651045391
106788187841133
106788456409199
106788724836718
110718
17592186174377
17592186179074
17592186179094
17592454614449
70373307641466
87962272515241
87962272537319
87963077840342
87963346275802
87963346275821
88029649700314
88029649706260
88029649833393
88029649833411
88029649833424
88029649833445
88029649833457
88029649836778
88029918135138
88029918137463
88029918268852
88029918268857
88029918268861
88029918268869
88029918268896
88029918268901
88029918268906
88029918268927
88029918268950
88030455007969
88030455139778
88030455139807
88030455139821
88030455139854
88030723480992
88030723575218
88030723575220
88030723575244
88030723575247
88030723575271
88030723575272
88030723578594
88030723578597
88030992010677
88030992010693
88031797183316
88031797188801
88031797189908
88031797317049
88031797317058
88031797317097
88031797317109
88031797320416
88032065618786
88032065619658
88032065621111
88032065752497
88032065752498
88032065752515
88032065752527
88032065752544
88032065752551
88032065752590
88032065755874
88032334187979
88032334187990
88032334188007
88032334191325
88032334201401
88033139360669
88033139362093
88033139475625
88033139494321
88033139494357
88033139494363
88033139494364
88033139494397
88033407796123
88033407796167
88033407835625
88033407929779
88033407929796
88033407929805
88033407929847
88033407929875
88033407929878
88034750107127
88035555279078
88035555283056
88035555283766
88035555285997
88035555286292
88035555342464
88035555342710
88035555400712
88035555413425
88035555413426
88035555413453
88035555413494
88035555413501
88035555413514
88035555440962
88035823729624
88035823744514
88035823760248
88035823760539
88035823862329
88036092150683
88036360586714
88036360587367
88036360590134
88036360631160
88036360631451
88036360648832
88036360719819
88036360719834
88036360719836
88036360719858
88036360719884
88036360719887
88036897464767
88038776506440
88038776539586
88038776567939
88038776638902
88039044943837
88039044945180
88039044946848
88039044955096
88039045074359
88039045074362
88039045074374
88039045074401
88039581811655
88039581811665
88039581932552
88039581945296
88039581945303
88039581945304
88039581945332
88039581945354
88039850246968
88039850247068
88039850249642
88039850287270
88039850362027
88040387118038
88040387180670
88040387251674
88040387251675
88040387251702
88040387251713
88040655558775
88041460859043
88041460993495
88041460993546
88042803047215
88043876825271
88044145247083
88044145253865
88044950524330
88046829575511
88047098165570
89061247290863
89063931645407
89064200084194
89064736951784
89065273822644
89066347431386
89067421306306
89071179308448
89072253144526
89073326886422
89073863757293
89074132192745
89129966741622
89129966765504
89130772048333
89131308929393
89131577378214
89132382660721
89132651030189
89135066951464
89135067017250
89135067023229
89135067035344
89135067039781
89137029898200
105553384806629
105555263858377
105556605974603
105557679802405
105561169444838
105561706241802
105568954067359
105569759379003
105571906874752
105575396517577
105576201779319
105576470271075
105585597086633
105589623605167
105589891928490
105590160400490
105592039515849
105592844822968
105621835804904
105621835876389
105622909546728
105623983353775
105630694238119
105632304859173
105639284052394
105641700078228
105642505315660
105644451473463
105655927154806
105655927160055
105656463961896
105658343074253
105659953622088
105659953691509
105663443355959
105666127704098
105682770702370
105683844338090
105684649772480
105691377312496
105692434376822
105701561184448
105702098082576
105715519844271
105723035943329
105727867862312
105729746907170
105737799900226
105745316171163
105752832373838
105763569793369
105765448820849
105768133193441
105770549094861
105770817532096
105774038773679
105776186272669
105776454608951
105783702451920
105794708285855
105799271717572
105802492809642
105803835101553
105804103545400
105804371956998
105804640430829
105804640431005
105804908846557
105805714141236
105805714141376
105805714163136
105823514770728
105829873332447
105844905772864
105848932271764
105849469120546
105849469139289
105849737554381
105850005925672
105850542852841
105850542893322
105850542916637
105850811304249
105851968929064
105859401166632
105864769947959
105865843704022
105867454344792
105873896766735
106652628021167
106653164826909
106653433237410
106653433261152
106654507051839
106654507071184
106722421241113
106723780071850
106726716084650
106727789930231
106728863677687
106729132110484
106729400576949
106730205873248
106730205877240
106732084936483
106733963950845
106734500820728
106734785968811
106735037705888
106735037717188
106735574598131
106737722036725
106737722037510
106738258921279
106738527367087
106741211703711
106741480063393
106741480139213
106742553882816
106742553885943
106743090687323
106743627624500
106743896063272
106743896078681
106745238268680
106745775110909
106745775115778
106746580415858
106746580456800
106746899114039
106747385740559
106748459484820
106748996323135
106750338463730
106752485992566
106752754353458
106753291337609
106754096599541
106754365099263
106754901929868
106755438714272
106756512542639
106756780978095
106757854755138
106758391503938
106761092659319
106762418117636
106764565597595
106765186350982
106765454779807
106766176130728
106766176135223
106766444664616
106766713092441
106766981442907
106766981558114
106767786806011
106769129043724
106769397419872
106769665885243
106770471099808
106770471185881
106771293204765
106771813384691
106772887125793
106773960831286
106773960836927
106779597991855
106779866307927
106780671726691
106780940156328
106780940156345
106780940205246
106783087647748
106783087650006
106783356088205
106784966581591
106785235123572
106785503488127
106785503587053
106787114104779
106799462259226
110644
117047
133543
17592186179082
17592454614550
17592991485433
70377602608450
87962272534030
87963346275818
87964419886766
87964420017640
87964420017642
88029649699741
88029649701165
88029649703734
88029649814697
88029649833420
88029649833430
88029649836770
88029918135124
88029918268908
88029918268943
88030455139790
88030455139794
88030455139831
88030455143143
88030455153209
88030723575245
88030991881014
88030991989501
88030991991977
88030992010749
88031797183387
88031797183431
88031797186222
88031797186537
88031797186672
88031797317111
88032065752573
88032065752589
88032334055391
88032334055527
88032334090141
88032334187967
88032334188018
88032334188054
88032870964640
88033139360721
88033139494394
88033139494412
88033407796838
88033407799261
88033407810520
88033407833794
88033407929774
88033407929787
88033407929815
88033407929826
88033407929867
88033407929871
88033407929873
88033407955778
88033407967737
88035555413488
88035823751192
88035823752931
88035823848926
88035823848953
88035823874883
88036360719848
88037702826110
88038776520134
88039044941086
88040387163000
88040387251634
88040387251729
88041460993512
88041461035950
88041461035951
88044145214260
88044145348020
88044682118054
88045218959416
88045755827674
89063663209957
89065542187382
89066615870262
89066884435465
89069031903601
89069300328561
89069568702539
89071984709041
89072790015452
89073595321804
89074400628164
89130771980042
89130772069289
89130772077328
89132382653161
89132651028391
89132651102396
89135067033519
89138019820385
105561169438272
105561706239656
105563048421444
105568685563515
105572980533316
105577812455608
105582912724124
105586670755629
105587476115502
105593113267536
105593113271432
105593650153567
105594723822622
105625325547356
105628009888681
105629351979076
105629352046638
105633915462473
105638478848461
105640626339188
105653511161138
105656464045337
105658074590304
105666127707508
105681428544425
105685186641167
105686797239795
105691092199113
105697803124515
105701829568955
105702903413058
105705050869659
105705856155870
105708808891488
105709614251579
105720888529397
105723036026799
105727867788923
105729478491407
105729746908648
105729746939740
105731625977951
105733773466384
105736457823509
105744510893859
105745047765545
105745316167967
105747732088751
105747732120051
105750684898296
105751221734082
105751221741686
105751221792344
105752563921142
105754711432614
105754979770527
105756053603387
105761959192134
105764375012684
105768133195033
105775380983650
105779675904885
105779944341322
105779944357135
105780481240924
105782897156511
105782897169290
105783165571441
105783434009756
105785044655466
105788265861019
105792023949405
105794171419895
105794171431354
105794171442168
105799271719327
105799540139370
105800345448096
105800613898989
105800882303664
105801150753886
105801150771036
105801687618534
105801687639790
105801687641013
105801687651660
105801956046312
105802224470740
105802224484472
105802492909797
105802492921775
105802492952578
105802761367501
105802761382154
105803029803070
105804103532762
105804103548058
105804103550011
105804103551534
105804103565865
105804371954409
105804640433206
105804908784736
105804908838329
105804908843755
105804908868664
105805714139254
105805714141494
105805714171630
105805982613506
105821820296614
105823514783663
105823967763933
105826652141078
