114366
114377
114379
114381
114383
114385
114386
114390
114398
114403
114408
114410
114412
114417
114421
114426
114429
114433
114434
114439
114443
114450
114457
114464
114467
114472
114480
114481
114484
114503
114509
114511
114515
114533
114538
114547
114556
114557
114558
114559
114562
114563
114566
114568
114569
114574
114577
114578
114580
114583
114592
114593
114595
114598
114604
114605
114612
114617
114624
114626
114627
114628
114629
114630
114635
114637
114638
114639
114641
114642
114646
114652
114653
114663
114665
114668
114672
114675
114679
114680
114683
114684
114691
114698
114702
114708
114709
114715
114719
114724
114731
114753
114758
114762
114764
114766
114769
114776
114780
114782
114784
114787
114790
114794
114799
114803
114804
114805
114813
114818
114821
114822
114835
114839
114845
114851
114853
114854
114855
114856
114857
114861
114866
114868
114873
114880
114895
114903
114906
114907
114909
114910
114913
114914
114916
114929
114932
114935
114937
114939
114948
114953
114961
114968
114971
114973
114975
114980
114981
114984
114988
114999
115004
115005
115010
115011
115017
115018
115020
115029
115030
115034
115035
115038
115055
115056
115058
115059
115061
115067
115068
115070
115086
115087
115088
115092
115093
115098
115104
115107
115112
115117
115118
115119
115121
115126
115131
115132
115134
115137
115143
115146
115147
115152
115155
115157
115165
115169
115176
115177
115178
115182
115184
115185
115192
115194
115224
115227
115228
115236
115242
115244
115246
115254
115255
115257
115281
115282
115289
115301
115302
115304
115321
115357
115362
115372
115373
115375
115377
115379
115386
115397
115398
115401
115403
115410
115411
115414
115420
115426
115432
115433
115445
115449
115454
115459
115461
115465
115514
115522
115528
115535
115538
115543
115558
115568
115572
115576
115579
115586
115587
115636
115650
115651
115652
115653
115655
115656
115659
115660
115661
115662
115663
115665
115666
115667
115677
115688
115689
115690
115691
115692
115799
115841
115845
115895
115914
115920
115932
115946
115951
115955
115995
116008
116018
116040
116048
116049
116050
116051
116055
116060
116066
116101
116102
116106
116113
116134
116136
116138
116139
116140
116143
116149
116150
116156
116168
116173
116192
116199
116201
116211
116222
116223
116224
116226
116229
116230
116235
116241
116244
116247
116248
116254
116266
116271
116286
116293
116294
116315
116319
116320
116321
116322
116324
116325
116328
116347
116349
116350
116351
116355
116357
116359
116365
116375
116378
116381
116399
116403
116410
116426
116428
116446
116452
116471
116475
116482
116486
116516
116522
116523
116541
116554
116565
116569
116571
116572
116575
116576
116577
116578
116582
116602
116604
116605
116606
116611
116633
116638
116648
116652
116653
116654
116657
116667
116669
116670
116671
116674
116690
116702
116704
116709
116710
116711
116712
116715
116717
116721
116741
116742
116743
116749
116755
116756
116785
116832
116844
116848
116860
116878
116903
116919
116946
116966
116968
116970
116977
117038
117050
117057
117060
117068
117069
117070
117087
117095
117195
117197
117289
117301
117304
117341
117358
117363
117366
117368
117373
117374
117376
117396
117404
117410
117411
117415
117417
117420
117424
117459
117463
117465
117476
117497
117501
117503
117504
117505
117510
117519
117523
117532
117539
117560
117563
117576
117580
117584
117597
117598
117600
117611
117612
117613
117621
117625
117630
117636
117640
117641
117644
117660
117663
117676
117678
117680
117681
117682
117686
117688
117702
117703
117704
117708
117709
117721
117723
117747
117748
117750
117753
117754
117755
117764
117765
117766
117773
117774
117775
117779
117784
117785
117786
117787
117792
117793
117800
117801
117803
117804
117806
117807
117813
117814
117832
117835
117839
117842
117848
117851
117852
117855
117861
117879
117884
117886
117890
117909
117911
117916
117917
117922
117932
117933
117934
117940
117941
117944
117946
117947
117948
117969
117972
117975
117976
117977
117982
117984
117988
117991
117993
117994
117997
117999
118000
118005
118006
118007
118010
118015
118016
118021
118027
118030
118031
118035
118038
118041
118042
118044
118049
118057
118060
118061
118064
118065
118066
118068
118072
118075
118076
118092
118095
118096
118098
118100
118101
118102
118109
118110
118111
118122
118129
118133
118135
118136
118145
118146
118148
118149
118151
118152
118155
118161
118163
118167
118171
118173
118174
118175
118178
118181
118184
118187
118191
118193
118196
118200
118203
118206
118211
118214
118219
118223
118225
118231
118232
118233
118238
118239
118240
118242
118246
118255
118257
118267
118268
118272
118274
118276
118281
118282
118288
118293
118302
118306
118308
118316
118323
118332
118333
118338
118339
118344
118347
118348
118349
118350
118351
118352
118353
118357
118361
118365
118371
118373
118376
118396
118398
118399
118400
118402
118405
118406
118409
118411
118416
118417
118423
118425
118438
118442
118444
118449
118451
118458
118472
118477
118479
118490
118491
118493
118494
118499
118500
118502
118507
118512
118514
118518
118520
118523
118527
118528
118531
118532
118535
118537
118547
118553
118555
118566
118568
118572
118573
118581
118582
118584
118586
118589
118597
118599
118610
118613
118620
118630
118636
118638
118641
118645
118648
118650
118656
118657
118659
118662
118665
118667
118680
118685
118686
118687
118689
118690
118699
118704
118705
118717
118720
118725
118731
118733
118744
118750
118760
118765
118766
118779
118782
118784
118792
118806
118819
118823
118846
118849
118856
118880
118884
118895
118909
118918
118927
118932
118938
118939
118940
118942
118957
118960
118968
118973
118979
118983
118994
119001
119050
119054
119059
119064
119089
119093
119096
119102
119103
119105
119107
119108
119109
119120
119126
119127
119128
119130
119131
119138
119139
119141
119142
119150
119151
119427
119428
119430
119435
119437
119445
119448
119452
119453
119457
119459
119460
119461
119463
119465
119467
119476
119477
119479
119480
119486
119497
119512
119513
119514
119517
119522
119526
119539
119543
119551
119554
119557
119567
119569
119573
119583
119594
119606
119609
119611
119616
119620
119626
119627
119629
119632
119633
119634
119638
119642
119649
119656
119657
119661
119672
119679
119681
119684
119688
119690
119692
119693
119694
119695
119696
119697
119698
119700
119702
119703
119704
119705
119707
119708
119713
119721
119726
119729
119747
119758
119760
119761
119763
119764
119767
119777
119782
119784
119792
119793
119797
119801
119807
119811
119812
119814
119816
119817
119818
119820
119826
119827
119828
119835
119838
119845
119846
119847
119857
119858
119866
119867
119875
119877
119882
119884
119889
119900
119901
119902
119903
119908
119909
119910
119915
119919
119921
119922
119923
119930
119933
119943
119947
119952
119953
119954
119959
119971
119972
119975
119976
119977
119978
119990
120001
120006
120014
120015
120025
120027
120032
120033
120037
120038
120040
120042
120050
120058
120060
120066
120067
120068
120069
120070
120077
120085
120092
120102
